0.620775525	0.73111332	0.668310175	0.912027491	0.703139644	0.363732768	0.545988529	0.568610224	0.521037437
0.606901459	0.348757455	0.53981772	0.639175258	0.203608247	0.501590668	0.615783291	0.192971246	0.643144493
0.556385628	0.635685885	0.508441655	0.835051546	0.462511715	0.449416755	0.595743211	0.359744409	0.601495575
0.24831021	0.522862823	0.241346681	0.884879725	0.565604499	0.10290562	0.233501486	0.548642173	0.210090397
0.519743863	0.518389662	0.506947557	0.558419244	0.463917526	0.489289502	0.63098611	0.319488818	0.629892565
0.268231946	0.402037773	0.263907565	0.598281787	0.36972821	0.141505832	0.267984244	0.427715655	0.258838563
0.531839203	0.367793241	0.511927885	0.663917526	0.264058107	0.380275716	0.523875337	0.302236422	0.533342799
0.324795446	0.297465209	0.299765925	0.534707904	0.219447048	0.18426299	0.320710386	0.213897764	0.318472242
0.268943436	0.464860835	0.277852483	0.70790378	0.43556701	0.15961824	0.302052381	0.430511182	0.284869137
0.254713625	0.424602386	0.235270681	0.759450172	0.532567948	0.140996819	0.277658766	0.882587859	0.259311846
0.400569192	0.165159046	0.36550625	0.342783505	0.077296157	0.277539767	0.407090042	0.116533546	0.427800653
0.444325863	0.32833002	0.428756412	0.621993127	0.233223993	0.270413574	0.413309377	0.316693291	0.416441857
0.463536108	0.555666004	0.504457393	0.607216495	0.483833177	0.415482503	0.612328104	0.290654952	0.57688485
0.31696905	0.266600398	0.306738383	0.384536082	0.23284911	0.271134677	0.414000415	0.185463259	0.419754839
0.252579153	0.398856859	0.290801335	0.758762887	0.498594189	0.184432662	0.344205653	0.554552716	0.319418808
0.339025258	0.366003976	0.367000349	0.588316151	0.384020619	0.218579003	0.365835119	0.561182109	0.357754745
0.396300249	0.26138171	0.363514119	0.552920962	0.173266167	0.229480382	0.352083477	0.232747604	0.364380709
0.463536108	0.510934394	0.43025051	0.712371134	0.403467666	0.277963945	0.444406053	0.382108626	0.433006768
0.68979011	0.472067594	0.679266896	0.820618557	0.346532334	0.47359491	0.595743211	0.429073482	0.607174973
